1575995059620 0.2588305 0
1575995059666 0.2730065 1
1575995059718 0.29001772 2
1575995059763 0.29190785 3
1575995059811 0.30454814 4
1575995059855 0.3069108 5
1575995059899 0.3125812 6
1575995059955 0.31482574 7
1575995060046 0.31683403 8
1575995060144 0.31329003 9
1575995060221 0.31376255 10
1575995060261 0.3177791 11
1575995060301 0.3227407 12
1575995060340 0.32746604 13
1575995060379 0.32404017 14
1575995060420 0.32652098 15
1575995060459 0.32687536 16
1575995060499 0.32404017 17
1575995060545 0.33101004 18
1575995060630 0.3305375 19
1575995060714 0.33183697 20
1575995060758 0.3325458 21
1575995060798 0.33727112 22
1575995060864 0.33266392 23
1575995060934 0.33703485 24
1575995060979 0.34128764 25
1575995061025 0.3365623 26
1575995061071 0.34116954 27
1575995061116 0.34329593 28
1575995061184 0.34518605 29
