1575995059642 1.5268700301259914 0
1575995059696 1.484423381466874 1
1575995059741 1.4693455721032176 2
1575995059789 1.461375210416155 3
1575995059833 1.456008760153156 4
1575995059877 1.4495930619727064 5
1575995059921 1.4457950281237824 6
1575995060003 1.4473128981232573 7
1575995060096 1.4427119111704954 8
1575995060190 1.439696429216573 9
1575995060241 1.4376103346684383 10
1575995060281 1.4386128833148863 11
1575995060320 1.4316580404562143 12
1575995060360 1.4319486744222174 13
1575995060400 1.4300099194014628 14
1575995060439 1.43155696703285 15
1575995060479 1.4301912492503095 16
1575995060522 1.4292070332181854 17
1575995060584 1.4234643734353432 18
1575995060671 1.4221407803852602 19
1575995060738 1.4204389562849031 20
1575995060778 1.4170131877126317 21
1575995060824 1.4223656474100508 22
1575995060907 1.41439156809715 23
1575995060957 1.4125584092565493 24
1575995061003 1.408760023821196 25
1575995061048 1.4111131008883868 26
1575995061093 1.4044817163756946 27
1575995061140 1.407158663296798 28
1575995061228 1.404148037815263 29
