1575993454119 0.2634377 0
1575993454172 0.2815121 1
1575993454210 0.29285294 2
1575993454254 0.30454814 3
1575993454293 0.3090372 4
1575993454332 0.31293562 5
1575993454370 0.32215002 6
1575993454409 0.32640284 7
1575993454448 0.3252215 8
1575993454487 0.3308919 9
1575993454528 0.32900178 10
1575993454567 0.32793856 11
1575993454612 0.33313644 12
1575993454657 0.3375074 13
1575993454702 0.33868873 14
1575993454747 0.33679858 15
1575993454791 0.33786178 16
1575993454837 0.33738926 17
1575993454908 0.34518605 18
1575993454953 0.3401063 19
1575993454999 0.34199646 20
1575993455041 0.34140578 21
1575993455080 0.3467218 22
1575993455119 0.34223273 23
1575993455174 0.3488482 24
1575993455218 0.34577674 25
1575993455263 0.34542233 26
1575993455307 0.34766686 27
1575993455351 0.3474306 28
1575993455415 0.3445954 29
1575993455455 0.34246898 30
1575993455496 0.34518605 31
1575993455544 0.34943888 32
1575993455584 0.35014766 33
1575993455623 0.3499114 34
1575993455663 0.34943888 35
1575993455703 0.35144714 36
1575993455743 0.3445954 37
1575993455782 0.3534554 38
1575993455822 0.35050207 39
1575993455862 0.347785 40
1575993455902 0.3488482 41
1575993455942 0.35321915 42
1575993455983 0.35203782 43
1575993456023 0.35251033 44
1575993456063 0.34908447 45
1575993456104 0.3488482 46
1575993456144 0.34613112 47
1575993456184 0.35180154 48
1575993456224 0.3470762 49
