1575993454152 1.509843587452888 0
1575993454191 1.4656736672311863 1
1575993454231 1.4577741451116968 2
1575993454274 1.4534288482699813 3
1575993454313 1.4444338139175172 4
1575993454351 1.440700077292346 5
1575993454390 1.438530029056344 6
1575993454429 1.4357444836413162 7
1575993454467 1.4307314548700854 8
1575993454506 1.4296039752684186 9
1575993454548 1.4289605169273731 10
1575993454590 1.428541429565281 11
1575993454634 1.42153152147835 12
1575993454680 1.4199741452809136 13
1575993454724 1.4168047651622115 14
1575993454769 1.4152734930389954 15
1575993454814 1.4135672077932657 16
1575993454877 1.4113684527069876 17
1575993454930 1.4093664848797434 18
1575993454976 1.4110231493185486 19
1575993455021 1.4059427605249863 20
1575993455060 1.4066193923820636 21
1575993455100 1.405904592062268 22
1575993455151 1.4040732619752563 23
1575993455196 1.4035312946914429 24
1575993455240 1.4001514259204313 25
1575993455285 1.3994062067838513 26
1575993455329 1.3983612969720145 27
1575993455386 1.3996982033972338 28
1575993455435 1.4003309943868927 29
1575993455475 1.4019297434040165 30
1575993455524 1.3958717008912909 31
1575993455564 1.3919414748683598 32
1575993455603 1.3934316792434585 33
1575993455643 1.3906918368533878 34
1575993455683 1.3896567047240815 35
1575993455723 1.390470590960395 36
1575993455763 1.3937246822564473 37
1575993455802 1.3928297948217645 38
1575993455842 1.39295639380575 39
1575993455882 1.3870117000201294 40
1575993455922 1.385465564322204 41
1575993455963 1.3859471638387149 42
1575993456003 1.3878595139525447 43
1575993456043 1.3871043623373907 44
1575993456083 1.3895970926436882 45
1575993456124 1.386858868598938 46
1575993456164 1.3853955970737122 47
1575993456204 1.3857658478330734 48
1575993456250 1.3848983615231951 49
