1575992668769 1.5111371784046848 0
1575992668808 1.4655694913948631 1
1575992668847 1.456980959607241 2
1575992668886 1.4497549258951457 3
1575992668925 1.4461398233553395 4
1575992668964 1.4426140136572292 5
1575992669003 1.4383643905439112 6
1575992669042 1.4328653439923427 7
1575992669081 1.4329083289046718 8
1575992669120 1.426763147696615 9
1575992669159 1.4243735877846517 10
1575992669198 1.425773551178204 11
1575992669237 1.4215495785382537 12
1575992669277 1.418304187985334 13
1575992669323 1.4207233282073461 14
1575992669371 1.4173502407479555 15
1575992669422 1.4127898442555094 16
1575992669474 1.4156094783308657 17
1575992669523 1.4162686194038503 18
1575992669575 1.4123963513039162 19
1575992669625 1.4097865786836898 20
1575992669673 1.4102603027824812 21
1575992669721 1.4100553872524741 22
1575992669823 1.4068650415080297 23
1575992669893 1.408913618308584 24
1575992669949 1.405957682317203 25
1575992670005 1.404506464266453 26
1575992670061 1.4040794109917927 27
1575992670119 1.401653032111333 28
1575992670167 1.4012566629979855 29
1575992670214 1.401620367399983 30
1575992670259 1.4018282762872207 31
1575992670306 1.3994790605448155 32
1575992670357 1.3999875482552444 33
1575992670403 1.3993372245434819 34
1575992670444 1.3965688069614517 35
1575992670485 1.3967622785968183 36
1575992670528 1.39941145662577 37
1575992670571 1.3975232087995482 38
1575992670617 1.3960361809964301 39
1575992670664 1.3941803136663329 40
1575992670710 1.3937137583199155 41
1575992670757 1.394504944966942 42
1575992670803 1.3943129571175616 43
1575992670850 1.3923172412788944 44
1575992670904 1.3888655065574804 45
1575992670984 1.396190454181101 46
1575992671048 1.3917888009470734 47
1575992671097 1.3872937211044005 48
1575992671209 1.3938581176995526 49
1575992671250 1.3904775399113998 50
1575992671292 1.3892984166345297 51
1575992671377 1.3862327237419314 52
1575992671436 1.3922683373331248 53
1575992671477 1.3909830668799215 54
1575992671524 1.3866490535741718 55
1575992671570 1.3899794561371464 56
1575992671611 1.3874572363395488 57
1575992671653 1.3860907220586967 58
1575992671695 1.3845217975722357 59
1575992671737 1.3858801746114922 60
1575992671779 1.3851901307869297 61
1575992671824 1.386286849927705 62
1575992671865 1.3857318714533906 63
1575992671907 1.3857202215583382 64
1575992671951 1.384520405506285 65
1575992671993 1.3841243117783666 66
1575992672035 1.3871613300980299 67
1575992672078 1.3818241009117933 68
1575992672124 1.382304126696691 69
1575992672166 1.3853314446614329 70
1575992672208 1.3846378185026615 71
1575992672250 1.3800005094299497 72
1575992672291 1.3811699767825312 73
1575992672333 1.3829220768409725 74
1575992672376 1.3844446821460623 75
1575992672418 1.3772571421627173 76
1575992672463 1.3839912310480298 77
1575992672505 1.3783672024636175 78
1575992672550 1.3767118599171195 79
1575992672606 1.3827356936026098 80
1575992672676 1.380515752216098 81
1575992672723 1.3792234636240293 82
1575992672768 1.3802488368851717 83
1575992672833 1.380875642357391 84
1575992672886 1.3818319551492682 85
1575992672936 1.3780926833966747 86
1575992672993 1.3797180807386287 87
1575992673046 1.3809868451905405 88
1575992673091 1.3777060854596916 89
1575992673148 1.3756710542846697 90
1575992673191 1.3757174063630169 91
1575992673237 1.3797804379139296 92
1575992673285 1.3797480693035271 93
1575992673329 1.3758898206948529 94
1575992673375 1.3775088781868292 95
1575992673419 1.375334257271187 96
1575992673462 1.375143141811301 97
1575992673506 1.3692180297956338 98
1575992673554 1.3734508735078788 99
