1575992668748 0.2617838 0
1575992668789 0.2907265 1
1575992668828 0.2891908 2
1575992668866 0.31080922 3
1575992668905 0.31281748 4
1575992668944 0.31281748 5
1575992668983 0.32297698 6
1575992669022 0.3163615 7
1575992669061 0.3259303 8
1575992669100 0.32935616 9
1575992669140 0.3323095 10
1575992669179 0.3333727 11
1575992669218 0.33384526 12
1575992669257 0.33514473 13
1575992669296 0.33490846 14
1575992669347 0.337153 15
1575992669398 0.3382162 16
1575992669442 0.33171883 17
1575992669498 0.33112818 18
1575992669552 0.3421146 19
1575992669602 0.34093326 20
1575992669650 0.34388658 21
1575992669698 0.34294152 22
1575992669768 0.3417602 23
1575992669866 0.33774364 24
1575992669921 0.34506792 25
1575992669977 0.34246898 26
1575992670032 0.34235087 27
1575992670097 0.34660366 28
1575992670142 0.35073835 29
1575992670189 0.34766686 30
1575992670236 0.346013 31
1575992670284 0.34187832 32
1575992670334 0.34388658 33
1575992670381 0.3488482 34
1575992670423 0.347785 35
1575992670464 0.35203782 36
1575992670505 0.34589487 37
1575992670549 0.3435322 38
1575992670594 0.34932074 39
1575992670640 0.34943888 40
1575992670687 0.35191968 41
1575992670734 0.34624925 42
1575992670780 0.351329 43
1575992670827 0.3499114 44
1575992670875 0.35227406 45
1575992670946 0.34802127 46
1575992671011 0.351329 47
1575992671071 0.351329 48
1575992671131 0.3499114 49
1575992671229 0.35144714 50
1575992671271 0.35262847 51
1575992671338 0.3552274 52
1575992671411 0.34766686 53
1575992671457 0.35534555 54
1575992671498 0.35286474 55
1575992671549 0.35262847 56
1575992671591 0.3492026 57
1575992671632 0.35156527 58
1575992671674 0.34837568 59
1575992671716 0.351329 60
1575992671758 0.35121086 61
1575992671801 0.35156527 62
1575992671844 0.35581806 63
1575992671886 0.3527466 64
1575992671928 0.34766686 65
1575992671972 0.35121086 66
1575992672015 0.35510927 67
1575992672057 0.3569994 68
1575992672099 0.35262847 69
1575992672145 0.35191968 70
1575992672187 0.34837568 71
1575992672229 0.3559362 72
1575992672271 0.354873 73
1575992672313 0.35782635 74
1575992672355 0.34825754 75
1575992672397 0.3538098 76
1575992672439 0.35640875 77
1575992672484 0.35853514 78
1575992672529 0.35818073 79
1575992672576 0.3579445 80
1575992672648 0.35605434 81
1575992672701 0.35546368 82
1575992672744 0.35227406 83
1575992672803 0.35333726 84
1575992672854 0.35747194 85
1575992672914 0.358417 86
1575992672965 0.3463674 87
1575992673017 0.34979326 88
1575992673069 0.3552274 89
1575992673115 0.3605434 90
1575992673169 0.354873 91
1575992673213 0.35936207 92
1575992673260 0.35227406 93
1575992673308 0.36018902 94
1575992673351 0.3544005 95
1575992673397 0.3590077 96
1575992673440 0.35747194 97
1575992673484 0.361961 98
1575992673532 0.3639693 99
