1575995156109 1.5277680133829719 0
1575995156155 1.4853841929342784 1
1575995156207 1.470283648098846 2
1575995156251 1.4594461628057094 3
1575995156302 1.4558896017863212 4
1575995156358 1.444991027442788 5
1575995156413 1.441991321841993 6
1575995156470 1.4392020060195068 7
1575995156552 1.4325393851241344 8
1575995156596 1.432077804008885 9
1575995156635 1.4269727978844369 10
1575995156693 1.4259727276364376 11
1575995156740 1.418268463812984 12
1575995156779 1.4177515426614338 13
1575995156818 1.4132293457683556 14
1575995156874 1.4124631711455118 15
1575995156941 1.405433770093563 16
1575995157012 1.4042858245734695 17
1575995157086 1.3989532750806228 18
1575995157164 1.3959387626721178 19
1575995157229 1.393848139762315 20
1575995157269 1.3867776961842022 21
1575995157308 1.3843141315536815 22
1575995157348 1.38555522753653 23
1575995157387 1.3790692141263075 24
1575995157427 1.3750203024334127 25
1575995157469 1.372522202245033 26
1575995157509 1.3759473417189723 27
1575995157571 1.3731188742000537 28
1575995157611 1.3704508952677636 29
