1575995156060 0.26969877 0
1575995156134 0.28092143 1
1575995156178 0.2877732 2
1575995156229 0.3142351 3
1575995156273 0.31246307 4
1575995156332 0.32285884 5
1575995156384 0.32675722 6
1575995156444 0.32581216 7
1575995156507 0.3294743 8
1575995156576 0.33266392 9
1575995156616 0.3350266 10
1575995156662 0.3410514 11
1575995156720 0.34849378 12
1575995156760 0.34849378 13
1575995156799 0.35156527 14
1575995156838 0.34235087 15
1575995156916 0.351329 16
1575995156971 0.35191968 17
1575995157043 0.36101595 18
1575995157123 0.3568813 19
1575995157208 0.3587714 20
1575995157249 0.36774957 21
1575995157288 0.35640875 22
1575995157328 0.3579445 23
1575995157367 0.36597756 24
1575995157407 0.36668634 25
1575995157447 0.36349675 26
1575995157489 0.3742469 27
1575995157545 0.36727703 28
1575995157591 0.36763144 29
